14852
7532
1402
3778
11880
10288
15304
1268
6868
9815
4274
14139
11306
11603
9862
15214
6077
8959
10150
3000
13200
5334
15113
5290
15026
5704
15059
2909
8458
2566
12276
8096
957
13273
6536
10979
13328
4163
12654
15203
1053
5178
6812
8930
3822
1352
6489
2123
7106
14251
654
4774
5394
9708
2964
3829
2304
8910
12736
4245
9297
9041
3631
2882
8781
5043
8050
3455
11670
4209
11205
3691
9724
12568
5440
15361
2495
1324
5859
7120
12762
5987
15323
12789
6723
14279
2021
9713
6035
15411
15276
10848
5457
5802
13833
2127
6954
14161
7118
6967
4206
14018
3665
5609
5442
4332
12524
2513
577
9037
14247
5911
6767
3643
7450
13664
10431
1963
2115
4085
11022
14525
9919
15515
13231
2819
6797
12608
9445
15355
9903
3361
9905
6373
3522
5658
14891
659
14974
4718
7061
13914
5601
1772
10732
13124
5426
12132
1310
10830
6292
5591
6318
10991
14518
1142
15592
15173
5365
2773
12798
4366
1540
12869
3041
14926
8034
823
9781
13826
1983
4453
3362
4884
14158
4364
5714
2463
8707
1287
955
2621
6262
10121
12448
8282
14197
3544
3044
14680
12364
1106
7685
1472
4634
11437
2619
15420
7929
12127
10926
14792
3104
4969
8404
13139
1215
11535
9165
8439
7174
4664
15558
10417
4383
543
808
11725
7379
1719
4646
1149
8463
6061
9102
3322
11850
2516
12274
11435
1752
8040
3203
10415
3403
11565
7737
5120
1820
2241
10125
1896
4563
15319
4686
8559
1064
4499
3251
7794
4246
3497
11344
14726
2311
13791
2758
13212
6565
13504
1084
7368
14777
5356
7099
11436
15429
9026
13859
15507
3635
8565
2693
15419
9101
9040
4054
11952
1630
4464
4927
4449
11338
3209
7814
4427
8988
2512
3092
6138
12338
1425
12660
2859
12303
2245
12703
10666
13989
10364
3941
12407
3441
6907
4168
8941
6351
5649
1177
1386
13006
14005
13393
9986
5646
9801
1198
7065
7327
11443
10581
10427
15128
4930
9626
4635
9331
5011
7207
13558
8601
11697
7509
585
12210
5893
10017
13771
11332
2864
15050
2593
1939
2747
13412
10128
1698
8923
3331
11629
1044
5914
10909
1923
12354
5347
1284
7939
12573
11554
1992
4091
6424
10333
6070
6925
8805
4784
9531
13761
1679
13804
3311
5762
2737
11827
6524
4921
9685
3634
5882
3949
3172
10636
13129
13466
13298
6937
14093
3102
5585
1010
10490
5534
3784
4070
4914
3908
11062
14755
4491
13326
8667
13967
10281
13228
13739
10613
7519
13539
15121
1025
9623
11027
2378
4353
1365
15316
6701
8648
4688
13008
15124
13669
4672
3988
7413
5635
8058
14829
13555
11984
6952
1726
12880
8738
8172
2861
9127
6920
1140
13745
7809
14029
12989
6973
6341
10207
10180
14054
4488
10710
5494
10857
12480
12813
5512
5259
4758
2936
11514
8935
3336
11646
7076
7907
1023
10665
3151
11749
11277
6486
9763
13295
11886
6900
15286
2631
11098
3744
5199
2392
13066
582
12211
8408
11977
11167
778
9692
6391
7956
7619
11282
10147
5516
3795
4477
11150
624
12186
9195
5795
11200
9927
9053
9853
12137
14746
3486
4248
13419
