10826
15421
14902
15020
1991
2450
9227
8755
3511
5818
13256
3201
3633
3320
9963
4569
12725
13114
15526
3702
12239
12478
12772
12973
8439
14232
2148
12330
8039
8762
13220
4606
13463
1944
5913
14850
12426
13035
3522
2183
14804
3632
15279
12377
14322
14371
1671
8949
3607
10327
15519
15381
15252
5387
5673
2616
10002
11665
4108
7445
13318
10453
1735
8533
14130
13977
8181
9070
12064
10592
4278
11269
11511
14683
13396
3593
2258
14464
12247
1687
10653
9936
3474
7354
13069
15589
10776
12412
12594
15097
6962
11289
11656
12055
5079
12128
12762
6576
12471
1926
9894
9988
11801
7194
7758
2826
6956
9344
13991
3918
3760
15520
5417
3527
11674
15524
3221
5800
15502
10150
11632
2732
14202
14098
6842
10236
8814
14396
4112
5600
2726
2968
13425
7521
14132
3541
1557
2443
15395
1990
11699
14042
11517
15429
3818
14860
14362
3164
7085
8487
2070
2992
14199
10788
1554
2548
2023
15307
6823
14179
8282
13740
3846
4266
8743
2345
4261
10021
5666
9602
12087
8280
4202
12558
14399
3068
3369
2267
2229
8569
11859
10474
3497
8818
14061
8896
3332
10075
7232
14680
11676
13775
12681
10568
2490
8977
11395
14772
8826
8910
5819
5744
14820
4111
14574
13417
9573
4305
6832
6717
3714
12084
7098
12346
12491
2666
15194
7691
4593
5212
11284
12477
12063
15068
1606
11023
14713
2866
14470
8207
7059
3830
1770
15495
15115
15090
9096
14536
14096
14417
15371
6574
11160
14731
6898
7736
7865
3282
6257
10046
5426
11361
2120
14181
8817
8962
9964
3055
2413
1712
2750
11610
13848
8210
1803
11655
11512
5809
6709
10732
10259
10139
4603
9204
3684
9821
11887
13685
1741
7983
8835
13229
13273
2408
3286
14608
14901
2218
14560
10111
8807
15006
14966
2645
7857
14425
14419
10450
14095
5629
9421
3750
12265
2983
8474
12651
15253
8208
3731
15116
11112
7185
2159
9995
9005
12241
1647
3120
7195
3168
3034
11974
8900
2253
14139
9387
8956
12381
3502
3464
4096
2256
10986
9958
14136
7762
2266
2254
8630
4917
5110
8433
11855
8330
13987
9084
3213
14002
11478
14648
3921
8307
12242
11051
2271
1043
10339
13993
7149
8100
12744
5195
2055
1706
2795
4664
14223
12286
2684
13842
6178
14750
12890
1945
15332
6597
15069
2409
11100
2422
8212
7088
10795
3801
7977
14881
5422
11419
7448
2024
3844
14707
10164
10942
12341
12687
10258
5780
13674
14776
13462
4730
1151
12133
9010
15264
3075
9960
11065
7975
12847
3946
3214
4990
8960
10093
15258
4772
3036
11763
14971
11724
7005
6725
12582
5257
4988
4068
1790
2783
8095
8882
3331
6235
14516
5435
9385
4586
1639
12119
6649
11771
11619
2405
2195
9966
7963
13169
6753
2207
7999
10773
14864
4737
12507
12934
14521
1718
13658
1668
15562
13419
3042
13222
14657
14585
4833
1579
10390
2649
3991
12702
14687
11035
11524
12664
2535
11213
15350
14043
12379
5069
10391
9749
7798
12865
2447
4604
12780
13952
9978
9106
1691
11914
15254
12683
11780
1468
12733
13707
3430
12474
1681
14604
7356
1835
14656
8465
9215
6786
6954
11381
